0.3651219870614977 0.0027721354098959564
1.4498162715879477 0.8881985508473562
0.6490079396889348 0.40216310888506773
1.1432178763067025 0.8303178548930614
1.4460654410938252 0.8713494168327397
1.9103617243770081 0.47591214320643604
1.6035632359763081 0.8306172637238417
1.638064733523303 0.7906435097781881
1.317653323919523 0.8857451774085389
1.314821411125781 0.8881481845922471
1.7145313151898072 0.7201697377411748
0.42323751803984866 0.09423946589430672
0.38236098440056243 0.027752516441126193
0.2662521202674428 -0.13641080195904504
0.4656582159661764 0.16161987405107908
1.4735019919718155 0.8753228427668452
1.5116153724455412 0.8581842527718909
1.9894726132654448 0.3312695003267134
1.9737388268875207 0.3506508145589963
1.36487767219808 0.8981071864732215
1.8422706402437754 0.5836731116350234
1.9761460812379295 0.36709169599512176
0.7424786363600171 0.4927514621998986
0.010350071895908197 -0.5891940178900046
1.6943885464194104 0.7427500173801311
0.8378664124961841 0.599870588938579
1.7779239461387613 0.6564364215589266
0.3124719052957994 -0.09089586450045642
0.1033793349984482 -0.42910085431904477
0.8859258088010655 0.6362390665274701